p01,341246324387582301352384723165389540208937533628476,837,512
p02,121323232132564721312326797312746321872372149318472,882,521
p03,892134721849198523481090900283184628199928346109249,926,516
p04,231471837537218496245100421477214831617346312781872,830,460
p05,763718437361732843761735834924837183942385327483284,793,457
p06,431674388182374637488327543724839193284738129348372,833,459
p07,310483101929893848293461766637282738919992348127772,833,459
p08,124367812347632835726471238742871876274891958275923,833,459
p09,312431784378198921954361488903129568723981835438193,815,462
p10,231627432876573146178236543769560053991899384891732,798,460
p11,456463643782583467393621368784096989023576876786538,829,459
p12,432784256478657832648723647823647823657823619385784,826,460
p13,002138346787189409015676538194367215375982934817959,812,461
p14,478435728938572894781894823590103954287582934738489,798,459
p15,243267546235818274637812950398590312058924932780101,796,457
p16,324312654385610298569128457018249750471618732451234,828,462
p17,995872098657348717538297519389523789572487562784378,816,462
p18,432742835798234758910010294781893472895732891293481,802,462
p19,775643326763289734123523416569120346734789832781934,835,462
p20,234732785692843659154325603946789023788934578198893,810,460
p21,878998257861772349400103984783258910939848371294281,802,462
p22,412375488537486584329590200120413854825734285991290,829,466
p23,352789912389478235898929012030549785638475823832848,812,466
p24,342738527992900103958312950496829345929395849200439,815,464
p25,123456789012345678901234567890123456789012345678907,820,464
p26,574238572935090300694389020359238590482046090193803,823,464
p27,241375829859289385438941893959123950103591384931982,778,465
p28,124713891090935093948193498319057828758929385731849,795,464
p29,214347238591030591394831957312895189347138958872781,800,464
p30,413784923758927598190100359381935839571893741389481,789,464
p31,324235727839129541389875710000603009238745989929357,811,464
p32,978589982873575768193195982922343459879835865655465,816,464
p33,676498589031003527858289103101357931829602938593021,817,464
p34,131531834891305193851905391901985319785910359183589,822,467
p35,214154389572897583819398050831854913453107513878918,789,465
p36,095827853799023847103501000395783917590138491300529,790,466
p37,001294878352891899824523895791894703152938958394893,805,465
p38,109274318023958912983985354282991945418937413565364,792,466
p39,385432870103957819803758913757381948739178385781831,812,465
p40,425675829938472938599210010600359389013513756429293,816,465
p41,192943737856237834781783645378921562873647812346137,786,466
p42,354725984376924985831728195900903158371908512375289,801,464
p43,231483050923905823759234857983174130903014980120013,827,467
p44,354689000093287543249578878813295493581789395438218,800,465
p45,183905091038957382994800569298940219837548871735783,791,464
p46,358856899293854738478361459390318002309349812272834,824,467
p47,112233445566778899009988776655443322112233445566778,815,467
p48,378995684923029058390481390572340896758921010495213,815,467
p49,423906504290938473218957489929857289010359198539183,818,466
p50,314328950001938548194903105918389171893453129591932,793,464
p51,343285924900304103905983128483095901278905281093050,809,466
p52,354389579195913958486735986739871237510056731057139,821,465
p53,894901387598257617890901325730189089451387959010735,825,464
p54,532789090104132289493295817473188591393847289496501,786,466
p55,774189305409349058090909177897897481798310938491903,789,466
p56,124830951003954831940099583910049381990357838127713,795,466
p57,987216781671878471267348919823471989357810032455819,823,466
p58,087420932932901930187380409183271648371103102340538,777,467
p59,204780901948798387983745089138491832504738578284209,800,466
p60,321645310039589043752783190938517304091374891903481,817,465
